0.158107
0.258346
0.245186
0.169791
0.13296
0.091982
0.0713256
0.0620922
0.0600908
0.0617817
0.0556975
0.044539
0.0400099
0.0419589
0.039072
0.0404138
0.0400562
0.0487912
0.0453715
0.0440578
0.0427926
0.0535124
0.0571249
0.0509119
0.0555956
0.100475
0.121327
0.128516
0.126432
0.133659
0.146108
0.160639
0.148582
0.149254
0.14722
0.131038
0.12246
0.158828
0.190692
0.211154
0.211257
0.211862
0.208856
0.222194
0.227397
0.257977
0.282778
0.321043
0.306668
0.274743
0.243481
0.214763
0.191646
0.17939
0.172848
0.145404
0.130759
0.142698
0.155517
0.164056
0.168757
0.178475
0.17441
0.161016
0.152431
0.15185
0.150976
0.136182
0.12624
0.126697
0.109256
0.0696139
0.0532974
0.0600784
0.0651325
0.0493167
0.046596
0.0619883
0.0606874
0.0496117
0.0545386
0.0595789
0.0601168
0.0580319
0.0616828
0.0745368
0.0692037
0.0581594
0.0605054
0.0697009
0.0635921
0.046201
0.0451543
0.0445717
0.0318187
0.0356675
0.0421874
0.041399
0.0319955
0.0116717
