0.169918
0.28513
0.280201
0.212136
0.186828
0.149861
0.124269
0.112852
0.110343
0.110231
0.0960506
0.0826819
0.079907
0.0828876
0.0754307
0.0763409
0.0820924
0.0982996
0.104455
0.0931716
0.0705609
0.0858028
0.115543
0.0631591
0.0730048
0.123139
0.157792
0.0845735
0.0778154
0.127155
0.177992
0.179216
0.169717
0.156377
0.171862
0.190446
0.18855
0.172556
0.166906
0.169547
0.155001
0.167366
0.169121
0.168577
0.155676
0.154289
0.154999
0.158431
0.140133
0.120138
0.106924
0.0941319
0.0831993
0.0890643
0.0878441
0.0640072
0.0622098
0.0869975
0.100197
0.104299
0.100567
0.0998113
0.0942607
0.0869541
0.0948794
0.122904
0.120787
0.113742
0.107805
0.0999865
0.0818603
0.0604682
0.0549319
0.0634029
0.058826
0.0375577
0.0320466
0.0469522
0.0441579
0.0412619
0.0387311
0.053788
0.0515718
0.0543777
0.0535882
0.0700175
0.0611247
0.0618661
0.0643654
0.0757848
0.0660551
0.0603511
0.060264
0.0595323
0.0437264
0.0510776
0.0736409
0.0667893
0.0553456
0.0302732
