0.215544
0.357875
0.341652
0.252053
0.219879
0.179679
0.160072
0.159215
0.158843
0.165368
0.148029
0.152886
0.148961
0.155218
0.137196
0.139659
0.134845
0.150975
0.151596
0.128857
0.118424
0.127235
0.14665
0.0786029
0.116967
0.177604
0.189928
0.139172
0.175019
0.194131
0.229286
0.17962
0.195044
0.215338
0.225963
0.11258
0.113499
0.167245
0.21828
0.235928
0.237686
0.22961
0.223542
0.228151
0.210089
0.200698
0.19903
0.204269
0.194276
0.193573
0.184224
0.177726
0.15701
0.160581
0.146539
0.0963792
0.0967658
0.145776
0.164713
0.160954
0.1647
0.159588
0.160096
0.153965
0.143951
0.151335
0.151404
0.146383
0.152273
0.180346
0.152712
0.114384
0.104544
0.113204
0.106462
0.0761507
0.0787624
0.10415
0.104305
0.0969336
0.105539
0.112765
0.112813
0.123981
0.132295
0.155979
0.14164
0.099116
0.112217
0.130348
0.129821
0.0940548
0.117819
0.120894
0.0829072
0.0921249
0.12382
0.126879
0.0538396
0.00314087
