0.230224
0.368386
0.351585
0.268723
0.232066
0.186287
0.158153
0.144814
0.1402
0.139178
0.119203
0.100296
0.0928075
0.0927947
0.0821942
0.0756189
0.0788077
0.0969575
0.104335
0.0946723
0.0842289
0.105481
0.125216
0.0615003
0.0654324
0.139739
0.161913
0.111096
0.129132
0.170214
0.194409
0.19307
0.216596
0.229846
0.250092
0.284145
0.285569
0.282368
0.264399
0.24099
0.217148
0.215474
0.208367
0.192294
0.17717
0.186034
0.201374
0.233849
0.224372
0.19339
0.18335
0.174715
0.152628
0.142781
0.124661
0.0878447
0.077597
0.0997952
0.108725
0.0884753
0.0848398
0.108767
0.120295
0.139713
0.141336
0.149183
0.143308
0.152197
0.133736
0.130463
0.112156
0.0969913
0.0942291
0.108094
0.0937281
0.0679704
0.0690988
0.085612
0.0930054
0.0858733
0.0895669
0.0991375
0.0973203
0.108749
0.113962
0.138205
0.125671
0.0932844
0.100407
0.118239
0.11397
0.0877802
0.0841257
0.0803042
0.0738688
0.0648869
0.10388
0.0773525
0.0681797
0.0343969
