0.150155
0.250893
0.245451
0.186143
0.166372
0.137387
0.117346
0.108422
0.107467
0.106765
0.0909063
0.0854311
0.0879111
0.0888491
0.0812349
0.0793438
0.0868524
0.10384
0.114741
0.0958239
0.0800363
0.0850283
0.110076
0.0509673
0.0196418
0.0616453
0.119403
0.0827938
0.0807515
0.117062
0.136275
0.13173
0.134974
0.132411
0.142234
0.148335
0.137854
0.124424
0.121844
0.13851
0.14857
0.164473
0.150358
0.144139
0.145404
0.136155
0.152221
0.176119
0.164879
0.139314
0.128326
0.113168
0.0981248
0.0905349
0.0846827
0.0667157
0.0642886
0.0720329
0.0797961
0.0896548
0.0957583
0.0950415
0.0862325
0.071124
0.0612539
0.0719693
0.0816647
0.087681
0.0912871
0.0959382
0.0788793
0.0478923
0.0391915
0.0477075
0.0435518
0.0333972
0.0315214
0.042978
0.0433005
0.0395673
0.0386672
0.0524353
0.0492835
0.0519521
0.0512282
0.0650294
0.0583836
0.0590405
0.0588976
0.0692435
0.0597504
0.0540217
0.0523553
0.0547208
0.0438363
0.045885
0.0594609
0.0591763
0.0619749
0.0537258
