0.000000000000000000e+00
0.000000000000000000e+00
0.000000000000000000e+00
0.000000000000000000e+00
0.000000000000000000e+00
1.449907089616568091e-02
1.408208698648385007e-02
-2.477921355780135938e-03
-8.983609244184268330e-03
-1.961007532508265289e-02
-2.227079057957521285e-02
-2.705058334846641155e-02
-3.770459802956885320e-02
-3.730475707671781355e-02
-3.149538158644878127e-02
-2.638052389921414706e-02
-2.024320821497020001e-02
-2.665912652860903675e-03
3.019850988747968534e-02
4.755005947266621735e-02
6.704814938897560306e-02
6.870164720540386516e-02
3.951896371298601468e-02
-7.472395001140416161e-05
-2.297787723022775078e-02
6.097943217595667986e-02
2.323242294396841989e-01
4.568051891803219244e-01
7.786166249979220577e-01
5.303318246640598144e-01
3.163906557422194177e-01
2.559534887785929747e-01
2.832008313823822787e-01
2.927823925202078792e-01
4.868327587795880929e-01
6.639968708854927515e-01
9.727302821828947010e-01
8.895862299004491103e-01
6.472044085437914651e-01
5.764716979764843430e-01
5.694171651444326354e-01
7.327538661324889402e-01
9.567449003673292873e-01
1.010212566696298220e+00
8.435568592713156288e-01
4.832004148859062043e-01
3.995433385771792190e-01
4.879497675086259534e-01
4.615665178825141823e-01
3.018221283938226640e-01
2.939505902263898074e-01
3.777671848092251650e-01
5.118539563918871327e-01
6.862917836394244464e-01
6.937776068266732210e-01
5.319494665106587750e-01
4.934991281612526315e-01
5.056015625694957327e-01
5.358901331201249008e-01
5.553436867438137359e-01
5.084927105584878815e-01
4.403049085688998665e-01
3.889860987214766030e-01
3.837686255882734043e-01
3.969471264169011082e-01
4.093393052104029040e-01
3.680335605333154292e-01
3.011516499082118603e-01
3.187341521890080243e-01
3.568593001146305732e-01
4.447962360097597045e-01
4.049275889299949194e-01
4.783370109934084180e-01
3.955265012656532519e-01
1.478286082463610152e-01
1.412948249251894800e-02
-7.785044780818507759e-02
-1.857538771944255984e-01
-2.501712530334362916e-01
-2.499542648910801357e-01
-1.926826196960025883e-01
-1.081448109671426239e-01
-2.996518154154973260e-02
2.316800195736624587e-02
5.186616719003836473e-02
5.197267007708528813e-02
4.349640536363013482e-02
3.061758191212883909e-02
1.068096498608930335e-02
3.334051071994780240e-04
-2.936653232804905134e-03
-3.257724990625897321e-03
-4.010468110066480775e-03
-5.140211160058165071e-03
-5.500130209680738694e-03
-2.387249737601828715e-03
0.000000000000000000e+00
0.000000000000000000e+00
0.000000000000000000e+00
0.000000000000000000e+00
