0.000000000000000000e+00
0.000000000000000000e+00
0.000000000000000000e+00
0.000000000000000000e+00
1.545487649217586711e-02
2.896401756075375061e-02
2.959329249250459634e-02
2.650940099828492241e-02
2.633794491726493270e-02
3.651476550172441660e-02
3.582135964307960746e-02
3.598280471988801049e-02
4.393059385958191648e-02
4.444747720255564499e-02
3.156120342516151311e-02
2.974583648691107168e-02
4.810228126671083071e-02
8.161998534487559243e-02
8.814530361035385897e-02
7.134193775125086123e-02
5.783854489718539410e-02
5.504618811569178538e-02
7.066150474629856459e-02
9.231382832423080942e-02
1.126121985877290010e-01
1.446945791409833815e-01
1.603829871493490100e-01
1.275319478249186123e-01
1.462607987707050805e-01
2.246262846061172491e-01
2.289348390296301328e-01
1.752313599796556376e-01
2.007546760909010852e-01
3.350059936500604518e-01
4.483463822447881775e-01
4.376465536187917338e-01
2.312000068802052832e-01
2.254202550055790510e-01
3.458933524944522442e-01
4.634818813395125692e-01
4.995535110718332117e-01
4.586707450105603212e-01
4.525850205644968982e-01
5.467089092578859555e-01
5.904044277988167444e-01
3.852052499289796428e-01
2.354998136742732506e-01
3.346772718981005923e-01
4.431032869768143367e-01
4.808845734523357063e-01
4.901988915201159758e-01
4.965499526474367320e-01
5.289766664991760736e-01
5.766832609146671507e-01
5.383638442085643128e-01
3.964744389231437127e-01
2.996278795873308365e-01
2.624813484101454764e-01
2.033323151651811878e-01
1.881464854989243485e-01
2.590504196174026053e-01
3.407246849435962566e-01
3.164600922697359819e-01
1.678510425234574499e-01
8.984953896151237629e-02
7.635689923960863046e-02
5.279110704203945903e-02
2.958282311307213960e-02
-2.060499237711719070e-02
-7.989547203162736255e-02
-1.332869088667700264e-01
-1.612294247026645200e-01
-1.419462466545120816e-01
-9.801427415725103010e-02
-4.419557539739090574e-02
2.714723881776309744e-02
5.759432667754595808e-02
6.633474439910908016e-02
5.012944694000030788e-02
3.997586817532437775e-02
2.575157428843961871e-02
3.440482760058289485e-02
3.778191788580306104e-02
2.783517535984453631e-02
3.465696821779449405e-02
3.187108024762550645e-02
2.415656032847125073e-02
1.904115642975754905e-02
1.587369923792857074e-02
1.603789398165849506e-02
1.198421101493915911e-02
4.297335883715775254e-03
1.008157563112914158e-05
-1.451177155036540735e-04
9.836132180621022189e-05
0.000000000000000000e+00
0.000000000000000000e+00
0.000000000000000000e+00
0.000000000000000000e+00
0.000000000000000000e+00
