0.000000000000000000e+00
0.000000000000000000e+00
0.000000000000000000e+00
0.000000000000000000e+00
0.000000000000000000e+00
-4.835297241099459353e-02
-6.217593261326792575e-02
-8.645179692020467377e-02
-1.117410736705881646e-01
-1.369675316745877225e-01
-1.412891171704755977e-01
-1.572728378650521674e-01
-1.894339439707062034e-01
-2.068280521713447839e-01
-2.107485050156520656e-01
-2.063224020601723552e-01
-2.111997571401445506e-01
-1.616860950159922372e-01
-8.251589216553149864e-02
-4.881840322348115352e-02
-6.499128441761982400e-02
-5.898108978292374710e-02
-8.018054919515622825e-02
-1.067004536559319761e-01
-9.118244414447854163e-02
-2.807333496273012666e-02
1.246980922706487915e-01
3.365019217706270438e-01
5.449101062143733021e-01
6.594790431250362461e-01
8.780986301322998289e-01
1.059340394898737658e+00
9.315387722530917847e-01
7.031606184996704867e-01
7.350992756769937353e-01
9.832411681243045098e-01
1.109316758217314236e+00
9.503671361455537925e-01
8.917018978688174835e-01
9.482592759179918618e-01
7.670928378729594543e-01
6.379245847061426611e-01
6.666957503453484479e-01
8.495967632565243344e-01
9.939486053514133834e-01
9.724664580217449172e-01
8.889837092445896927e-01
7.502803554046569845e-01
5.587010083898048540e-01
5.117985620594742713e-01
5.921196319446034861e-01
6.753382489829083957e-01
7.886947062101592465e-01
8.854162656481461280e-01
8.330520033030295313e-01
8.437945418229420014e-01
8.920365905027296538e-01
9.298278354890057162e-01
7.790273651221779616e-01
5.133864409512427507e-01
5.165215789188771778e-01
5.410701552187088259e-01
6.024129278057127612e-01
5.887560414718999713e-01
5.842794361917804657e-01
4.920427351595398902e-01
3.327457236372965421e-01
6.158587715223323017e-02
-4.401812570395170071e-02
-2.429396524486967524e-01
-5.323707979614280550e-01
-1.190246904601985456e+00
-1.556040340778344078e+00
-1.575743394255072705e+00
-1.326209518348909100e+00
-1.034918030656063248e+00
-7.621999486553523440e-01
-3.977241885631373486e-01
-6.307435730642770022e-02
1.777068243495035782e-01
2.694182158717656206e-01
7.635499116815122611e-02
-4.717864880042328679e-02
-7.311435221606563117e-02
-3.795203429471721152e-02
3.208849212461333412e-03
4.460321676842928657e-02
7.948712334174461158e-02
7.859022434188255024e-02
6.371155451230713085e-02
3.988584095463687529e-02
2.250095289021984690e-02
1.675052271950384225e-02
1.004241431811668007e-02
2.103611563364362128e-03
4.490489548269954896e-03
0.000000000000000000e+00
0.000000000000000000e+00
0.000000000000000000e+00
0.000000000000000000e+00
