0.000000000000000000e+00
0.000000000000000000e+00
0.000000000000000000e+00
0.000000000000000000e+00
0.000000000000000000e+00
-4.284997734262132457e-02
-4.163677350946259209e-02
-2.313887950590533954e-02
-3.012105273882216896e-02
-4.550066773724912444e-02
-5.989040847371721737e-02
-6.621993499121717197e-02
-9.465766941606774953e-02
-1.354980942633635110e-01
-1.605966821056104277e-01
-1.769996799919311414e-01
-1.672412286130444681e-01
-1.110553505773147487e-01
-6.202729667916755812e-02
-4.484011437456277699e-02
-2.820489142156712079e-02
-1.391786570005292857e-02
-3.062935754367620417e-02
-7.546703604527006670e-02
-9.528220754784848257e-02
-1.206901699361121461e-01
-1.446433654175343919e-01
-1.022965638735374300e-01
-3.908215386494021115e-02
-2.003228150264327323e-02
8.649756532611126147e-02
2.130566841321778204e-01
3.380924349598285472e-01
2.335487873007611737e-01
1.102452718243660812e-01
1.457437347339504141e-01
2.318791779662556507e-01
3.365025108551535915e-01
3.251995782698448023e-01
2.389893387961980753e-01
1.256743515260129451e-01
5.277259061586688643e-02
6.043062879254455788e-02
1.227729653571022345e-01
1.560126056424443741e-01
1.177889642695239686e-01
8.985489067688502696e-02
8.591127526326194919e-02
1.713038883241868593e-01
3.101300970282583336e-01
4.100019525315914404e-01
4.070648045617672461e-01
2.754097956654825707e-01
1.986558846395566347e-01
1.997268750339291910e-01
2.001145621567658739e-01
2.226949761592583177e-01
3.483052295142892163e-01
5.004787987737547850e-01
5.928416352557208668e-01
5.989279441262300718e-01
5.564286103055461341e-01
4.901799620489220022e-01
4.109372290990634946e-01
3.041879257807424408e-01
2.054492016463571880e-01
1.596936636501914697e-01
1.483333597657154890e-01
2.284222365022825774e-01
3.882497608858196947e-01
7.195869130299451522e-01
8.462632069979608707e-01
1.002963479963310256e+00
8.426931796759774551e-01
5.671362660226737518e-01
3.746234973564741555e-01
1.490985313473533191e-01
-6.265092570224896351e-02
-1.869157061743822457e-01
-2.367429174122483715e-01
-2.264661921788535814e-01
-1.350130793105538407e-01
-7.190125464562399649e-02
-5.549076221585588775e-02
-6.237565519452820118e-02
-6.025403019633012586e-02
-4.382416706303342291e-02
-5.428951239424605058e-02
-7.873826324240124075e-02
-8.115888229553849809e-02
-6.777704759249295052e-02
-4.746583792272773134e-02
-3.081366582257748926e-02
-1.921368369987473679e-02
0.000000000000000000e+00
0.000000000000000000e+00
0.000000000000000000e+00
0.000000000000000000e+00
0.000000000000000000e+00
0.000000000000000000e+00
