0.000000000000000000e+00
0.000000000000000000e+00
0.000000000000000000e+00
0.000000000000000000e+00
5.662202585905290290e-03
1.012310231818630037e-02
1.614237686495625240e-02
1.311550896510046624e-02
4.915309582907754701e-03
-1.481691111130192112e-03
-5.682233141021693530e-03
-3.098666353745927436e-03
-2.924424626396800002e-03
2.012569788152408432e-03
1.608573962004426284e-03
3.266420006428265386e-03
-2.642561114158471086e-02
-3.137843473122420984e-02
-3.392495018661349088e-02
-4.283214292054583067e-02
-3.562738586150671072e-02
-1.069893775768658226e-02
3.675143039904548575e-02
6.115385201639609442e-02
8.705857883703140010e-02
1.775279659911014329e-01
2.869739820897120874e-01
3.072240614584190732e-01
2.758825745230147897e-01
1.848375929432478082e-01
1.497720556556089433e-01
1.615718304460171673e-01
2.122372961350254550e-01
2.728878208418804019e-01
3.901196781665535185e-01
4.803900681091229918e-01
4.943612783351625795e-01
3.213237290130311896e-01
2.562566563080387327e-01
3.620892056600662490e-01
5.071820609859103435e-01
7.385349022170301092e-01
8.510431237183759823e-01
6.334934878336138109e-01
3.551369184266266465e-01
4.194338314431930725e-01
7.509005927737220087e-01
1.056033101466564039e+00
6.308618129263938723e-01
2.480525102462803333e-01
2.364472563280232142e-01
3.275514606480149915e-01
3.762089417900260080e-01
4.235478053994320979e-01
5.552634243990410834e-01
6.952349817375766960e-01
5.039694865284500835e-01
2.717595796970518340e-01
2.059069392177345637e-01
1.976358159918120416e-01
2.153006648762836872e-01
2.874990120697483720e-01
2.811962199611859892e-01
2.644452127216526671e-01
2.050788040351287922e-01
1.257716019866605694e-01
1.046890293576692443e-01
5.500592382923157053e-02
3.822295626861711010e-02
6.241734692903846277e-02
1.143020488925436118e-01
1.121364176423992609e-01
2.062806669335919274e-01
1.722307531064758146e-01
6.524775925763891260e-02
2.694437239889423130e-02
1.016541424960167583e-01
1.408080086504951700e-01
1.652500975147915829e-01
1.106798496336851706e-01
1.081160617181966266e-01
6.365157008422399343e-02
2.539164064683184160e-02
8.145461767041147286e-03
2.100556916931214588e-02
2.010254022960929199e-02
1.544166770974328244e-02
2.144745458283920866e-02
1.546300680263777531e-02
5.510690337462073422e-03
2.191296950790040470e-04
-1.417080270901483136e-03
6.824595301130507931e-05
-2.540990994755611783e-04
-1.872979081943642720e-03
1.728386312622679909e-04
0.000000000000000000e+00
0.000000000000000000e+00
0.000000000000000000e+00
0.000000000000000000e+00
