0.000000000000000000e+00
0.000000000000000000e+00
0.000000000000000000e+00
0.000000000000000000e+00
1.624994225054238531e-02
2.046815770006748733e-02
1.642868683281985265e-02
1.222874662010619250e-02
2.271020366907786775e-02
3.426696828791652577e-02
4.314290956186224435e-02
5.473924431158695009e-02
5.762229269597476250e-02
6.410964652558923116e-02
6.698053365138151305e-02
6.491038555532345489e-02
6.995324076128389690e-02
1.091180882303875860e-01
1.535869044363935287e-01
1.690065035322058651e-01
1.616095000016543881e-01
1.534144177729581948e-01
1.742694801753078004e-01
2.531689423595885335e-01
2.825132274125879972e-01
2.097306833036638452e-01
1.481636894896154744e-01
1.340268202773157447e-01
1.273337224217130637e-01
1.665408473895231001e-01
2.004074802356814455e-01
2.189749501007500210e-01
2.509718156983580806e-01
3.798230458278284982e-01
5.321757052796841636e-01
6.412885704910878948e-01
6.724313028424953043e-01
6.735930623847832255e-01
6.561447679492883323e-01
5.503545508930455243e-01
4.434965804549760304e-01
3.256046963771686009e-01
2.488780678938373181e-01
1.882051859956727635e-01
2.178711727182316982e-01
3.302916066988241806e-01
4.665517831320361020e-01
4.876084741190140903e-01
4.436243839835426472e-01
4.257695448105178193e-01
4.596004566884145381e-01
4.740364761550630579e-01
4.847166066777905402e-01
5.366818422766633789e-01
5.057364183840191707e-01
3.109960841860662240e-01
2.311147401085057174e-01
3.449023907198404126e-01
3.871040506023601391e-01
3.261413643823797281e-01
2.966514735839544947e-01
2.957845469647009673e-01
2.669963189712334928e-01
2.371363104693569868e-01
1.808609012028882801e-01
1.072248798634327371e-01
6.578910254326796048e-02
6.240725607471068331e-02
6.457744154965465444e-02
7.097723634453941000e-02
4.358042645261799020e-02
4.117681159783716932e-02
4.030591052280495246e-02
5.125261839870640102e-02
5.451588229242995687e-02
6.236137535426349021e-02
6.731430740175217697e-02
3.210332925210573202e-02
-7.096311541181933580e-03
-2.845105020562898462e-02
-3.207952247165442999e-02
5.264492618421638508e-03
5.291233450685372403e-02
7.601272455460991728e-02
9.212354857343360570e-02
7.158537463859919459e-02
4.752287529789404885e-02
1.941081226005647586e-02
6.854246460689908567e-03
4.224122751823153506e-03
1.954949380647800702e-03
-3.315056756216155052e-03
-7.336916027510324498e-03
-9.093873311810347221e-03
-4.135791406034568587e-03
5.389151496999231792e-05
3.389717809266492785e-03
0.000000000000000000e+00
0.000000000000000000e+00
0.000000000000000000e+00
