0.000000000000000000e+00
0.000000000000000000e+00
0.000000000000000000e+00
0.000000000000000000e+00
-9.780068562012642422e-03
-8.095863831853298068e-03
4.810214606510272717e-03
1.143291215196668743e-02
1.455958315283099186e-02
1.390822506731392329e-02
9.620420880379756262e-03
-3.324798934168204500e-03
1.254928134664801001e-04
3.702193572141908827e-03
-5.202879288536070568e-03
-9.887764170286150039e-03
5.150558753809104072e-03
3.353397534597869073e-02
3.357994437426275319e-02
2.895608653139636682e-02
1.482715347122137532e-02
1.154502433759180659e-03
-1.786615435767456919e-02
-2.561907184262394652e-02
-5.065934518992085654e-03
2.891649053055710822e-02
4.918655343788750495e-02
7.456483231387110722e-02
8.490624321074927150e-02
7.508972719386743100e-02
3.243865160628996158e-02
2.009656248530084302e-02
9.363003983744279390e-02
1.495464781637173002e-01
1.296109708679526740e-01
9.288256236597713933e-02
1.055459645237312033e-01
2.568150216488919169e-01
4.297462602727775138e-01
5.559736246063931020e-01
6.033697722349514736e-01
6.220935136658806153e-01
6.260224887450589470e-01
5.960397555423682103e-01
4.936305350043517781e-01
2.598744642597037857e-01
8.551055226914693053e-02
1.033053868434601480e-01
1.720799261819405956e-01
2.897071195661290455e-01
4.434127933672947219e-01
5.743078504870571255e-01
6.626966332137705917e-01
6.599753206488127022e-01
5.088455712024443356e-01
2.824763262787265972e-01
1.692650674958716406e-01
1.190222849888699641e-01
5.516148401572170540e-02
1.365387122563291485e-02
3.015252921593913893e-02
4.946004457902908324e-02
4.590917893665531768e-02
-1.430075780129659406e-02
-3.529725506984104227e-02
-5.996369173622970172e-02
-5.887169386688085454e-02
-3.798616779060289689e-02
-1.785180350106630592e-02
1.457229718194426489e-02
6.432668815474280877e-02
1.451180894918580044e-01
2.468811250904441590e-01
3.618935448312613490e-01
4.049112364772287642e-01
3.286691966137433307e-01
2.314610542196881282e-01
1.856527363339645353e-01
1.658346130616631109e-01
9.735339865248182623e-02
2.602444492716717017e-02
-3.135035941842834878e-02
-4.888384638183356640e-02
-4.420834087752008312e-02
-5.399937949633813739e-02
-4.723422135900869068e-02
-3.581133613654616243e-02
-2.188368208795324343e-02
-1.649263735793751740e-02
-2.094787961413598770e-02
-2.423889069867742746e-02
-2.222885320140602014e-02
-1.938147118574147162e-02
-1.425458730951954973e-02
-9.160053520711249758e-03
-5.218501868510602368e-03
-2.870823543014430291e-04
0.000000000000000000e+00
0.000000000000000000e+00
0.000000000000000000e+00
