0.000000000000000000e+00
0.000000000000000000e+00
0.000000000000000000e+00
0.000000000000000000e+00
1.498813192379487222e-02
3.502561995171309117e-02
3.279474371884123080e-02
1.123641622070804119e-02
3.357984750434629857e-03
-2.221044119746897437e-03
7.346351550541839861e-04
4.689869916433925430e-03
-1.546229025339503375e-04
-1.820708056903524031e-04
3.032108591811447876e-03
1.397265070546678187e-02
3.093343176625374530e-02
5.690641750348353345e-02
8.616377063282168458e-02
8.884266077029021047e-02
7.186929971187290545e-02
9.834330365416246722e-02
1.141810517153732663e-01
7.514313234903151340e-02
3.050769561678209896e-02
1.190625793716415526e-01
2.259052921218564214e-01
2.384357543048634676e-01
1.360617512308180121e-01
7.164033862778503015e-02
7.506451949014567027e-02
1.901010422686029711e-01
2.956930953386517902e-01
2.028634901673700419e-01
1.894794418592089247e-01
2.093642052485535088e-01
2.233085793778403494e-01
1.645313046250882760e-01
2.301743386108253964e-01
3.621263087013922299e-01
5.170045245491566854e-01
5.352538626417597811e-01
5.014888522515061897e-01
3.882588421098252529e-01
2.414482431183981315e-01
2.697678410976914187e-01
3.385962028326885975e-01
3.493453428952403850e-01
3.093433291462240331e-01
3.784174614488623467e-01
4.236159869634809061e-01
4.451885454225377736e-01
5.341071470965941259e-01
6.486617495550123236e-01
5.958573723643642017e-01
4.899348013467627050e-01
4.515680290314149636e-01
5.103405868176913440e-01
5.447192109739800170e-01
4.942771620982300274e-01
4.952954829997386899e-01
4.324707241464666452e-01
3.191569653477323576e-01
1.613991127658425950e-01
1.123088090694781965e-01
1.150939439619355215e-01
2.000857342225924873e-01
2.328600308217709247e-01
2.570211817146351718e-01
2.604188595890221114e-01
2.183806342108845777e-01
1.231436771832870869e-01
1.184353398280570124e-01
7.486113479132988635e-02
1.466931839821746311e-02
5.236536222266956545e-03
3.749775169310247402e-02
8.373557595215662397e-02
8.270779752534000717e-02
8.542284371791400432e-02
9.115384537105881979e-02
8.267619798881149784e-02
7.646811267346076413e-02
7.401978567338661497e-02
7.248083259253934596e-02
5.804614238355119971e-02
5.299614951560126935e-02
5.683906227038872799e-02
6.260206876100934958e-02
6.848416523632218367e-02
7.436150534122683287e-02
6.020208217261324019e-02
4.043083992082512762e-02
2.546234176313332334e-02
1.949456779315174304e-02
1.902774850059015324e-02
1.700871739079185332e-02
0.000000000000000000e+00
0.000000000000000000e+00
0.000000000000000000e+00
