0.000000000000000000e+00
0.000000000000000000e+00
0.000000000000000000e+00
0.000000000000000000e+00
3.038964800218758346e-03
1.096205733371052871e-02
1.822833764698898393e-02
1.544502791948513566e-02
5.883379777506068421e-03
-3.970327032338234036e-04
6.530422537757057770e-03
6.582213809715940084e-03
5.093355004772230285e-03
8.464935470808237702e-03
1.569701666911185733e-02
3.384696338545514077e-02
5.781192118396424884e-02
4.588751636057450400e-02
3.282133367099560051e-02
3.852306028532010568e-02
4.022756599253433235e-02
3.789897366818562735e-02
3.600879631117160501e-02
3.133344945194237868e-02
2.772007695947360101e-02
2.903338077634834771e-02
3.822825672718986600e-02
7.621847152550012550e-02
1.080456113115275396e-01
1.228725060817438958e-01
1.374231175340827338e-01
1.843943171794927838e-01
2.687052381582770155e-01
3.246322388328037323e-01
3.482652584699723608e-01
3.252316575355895800e-01
3.410270050146245735e-01
3.846725551712687485e-01
4.950618608035000645e-01
6.045502809146944267e-01
6.754690333223464238e-01
5.848588333533195627e-01
3.604689622109240599e-01
3.515630886204754724e-01
5.211389250273941176e-01
6.596910115627367954e-01
5.727902577014289953e-01
3.648377950412552972e-01
2.432516525885403957e-01
2.490152990060762184e-01
2.319713394209773072e-01
1.472970709930808142e-01
8.534946000708670821e-02
1.300430380156501198e-01
2.324899679820948417e-01
2.859807877485717187e-01
2.197441826854746316e-01
2.048738306953959698e-01
3.419715249276933933e-01
5.015750506055945968e-01
5.947613731894370037e-01
4.927576404963463497e-01
2.437787966259719885e-01
1.642878677620867034e-01
1.961190137729117433e-01
2.161988346967896046e-01
2.039056949465295754e-01
1.681047441290667854e-01
6.736170506648331280e-02
3.287452358308808054e-02
3.915518300898708504e-02
9.687151795812105892e-02
2.120402888316688106e-01
2.785725057260194926e-01
2.437807045377559656e-01
1.927357301979156223e-01
1.129331558904489025e-01
4.131955576756433240e-02
-3.241197565767450772e-02
-3.586763656566695213e-02
-3.375236925993055359e-02
-3.973220385833602791e-02
2.752967030672896342e-03
1.551314034589569048e-02
1.973457462118636055e-02
2.374015126279007890e-02
2.718216544842422602e-02
2.500361159521513610e-02
1.349353381754586113e-02
-3.844810598225814960e-03
-6.527153379057141526e-03
-2.079540860127329985e-03
-1.925431768607885038e-03
-4.952174991400666798e-04
3.319425638539669470e-03
6.455633706362697184e-03
6.692301113296616338e-03
6.260025201412624217e-03
0.000000000000000000e+00
0.000000000000000000e+00
