0.000000000000000000e+00
0.000000000000000000e+00
0.000000000000000000e+00
0.000000000000000000e+00
-1.185214826615665863e-03
-3.679854190962684665e-03
-3.098662015598564832e-03
-4.333566712473399356e-03
-1.065691796512097285e-02
-9.160099362197351644e-03
-4.637744335378509754e-03
-1.140716990929785662e-03
-2.765728391867268952e-03
9.650834154084507802e-03
1.587601790906168278e-02
2.815348223012342083e-02
3.102106493994905359e-02
4.761353075955872260e-02
5.537660784889954224e-02
4.770286379127833265e-02
3.185836838435777280e-02
3.281930230244799879e-02
3.617562064134736965e-02
4.443516357350617285e-02
6.210862607932642054e-02
1.534353649204756309e-01
2.468399574862568946e-01
2.363711638369146162e-01
1.585530406160353956e-01
8.440718064115100561e-02
7.122637446411658746e-02
1.317692164082243100e-01
1.713933226902480123e-01
2.562163494826844023e-01
2.723390488634876982e-01
3.407334568942786412e-01
5.211526465076063985e-01
6.911646846723502602e-01
4.536668232363323949e-01
2.791734292860033051e-01
2.482863870907718595e-01
4.198314992964549686e-01
5.402491657141746950e-01
5.463647644708965467e-01
4.641840134556843300e-01
6.194844920416734402e-01
8.584706257514759242e-01
1.356066950600867349e+00
1.296405404236974590e+00
5.898393915657630382e-01
3.336440909941686406e-01
3.868005164866188950e-01
4.976286354815981361e-01
6.126870680409467473e-01
6.489597011207478561e-01
5.843733895033493830e-01
6.184202790422435037e-01
6.967204514786718983e-01
7.364468897257329116e-01
7.131280374344612927e-01
6.576724717437725243e-01
5.526897486410311533e-01
4.798689429208867763e-01
3.855360258434230025e-01
3.271614724710268374e-01
2.311299230127051574e-01
2.360767662927782395e-01
1.126897836466794478e-01
6.902725474632401270e-02
-5.283241944724285932e-03
-4.765408621646088395e-03
-1.174317482287431241e-01
5.383267399817467935e-02
1.685919273941362817e-01
1.805301820498944054e-01
2.626324771590203833e-01
3.945040382490712094e-01
3.581342357252182418e-01
2.483392810917712246e-01
1.047559112725627989e-01
5.005381929395324309e-02
-9.152460876582352994e-03
-3.060634272389986185e-02
-3.309293322102602186e-02
-1.956583579586216454e-02
-1.317591353104011036e-02
-6.521775120570099532e-03
-1.946243527111556234e-04
2.161298372860634594e-03
3.137031159674444868e-03
1.238302645310024970e-03
-1.700614132536805781e-03
-3.908416186164538272e-03
-4.169301652421632601e-03
-3.001028256713570105e-05
0.000000000000000000e+00
0.000000000000000000e+00
0.000000000000000000e+00
0.000000000000000000e+00
0.000000000000000000e+00
